Blackwater  (323,1118)  (381,1101)  (440,1080)  (491,1055)  (470,1137)
Blackwater Bay  (710,1055)  (711,1090)  (708,1019)  (745,1058)  (673,1089)
The Narrow Sea  (775,537)  (819,538)  (868,536)  (821,589)  (874,668)
DragonStonePort  (852,1066)  (851,1103)  (895,1066)  (898,1107)  (880,1102)
Sunset Sea  (8,632)  (7,716)  (0,796)  (3,874)  (5,965)
Shipbreaker Bay  (877,1212)  (872,1250)  (832,1251)  (910,1254)  (826,1139)
Karhold  (657,145)  (703,215)  (747,148)  (785,147)  (687,179)
Sunspear  (618,1527)  (661,1534)  (746,1536)  (792,1529)  (702,1537)
Castle Black  (427,103)  (470,102)  (578,63)  (618,63)  (541,56)
Three Towers  (278,1442)  (236,1478)  (272,1484)  (287,1522)  (233,1548)
Starfall  (330,1615)  (371,1615)  (414,1605)  (457,1608)  (373,1574)
The Reach  (350,1232)  (349,1269)  (396,1231)  (395,1270)  (463,1240)
Oldtown  (188,1384)  (230,1387)  (139,1475)  (192,1465)  (190,1423)
The Shivering Sea  (781,295)  (825,296)  (870,297)  (827,255)  (825,391)
Sea of Dorne  (577,1421)  (574,1466)  (630,1417)  (635,1474)  (711,1443)
Stoney Sept  (310,995)  (312,1047)  (399,955)  (413,1021)  (357,995)
The Arbor  (47,1619)  (42,1669)  (107,1612)  (110,1659)  (79,1642)
Flint's Finger  (234,564)  (229,608)  (128,601)  (153,634)  (190,611)
Crackclaw Point  (565,1021)  (609,1022)  (647,988)  (704,972)  (574,974)
King's Landing  (655,1144)  (552,1089)  (641,1064)  (602,1131)  (562,1136)
Searoad Marches  (197,1089)  (259,1085)  (178,1183)  (247,1196)  (250,1141)
SunsPearPort  (864,1536)  (868,1574)  (822,1537)  (828,1580)  (834,1559)
Winter Fell  (423,213)  (461,212)  (503,212)  (543,213)  (459,322)
WhiteHarborPort  (554,524)  (583,525)  (550,552)  (571,554)  (596,555)
Moat Cailin  (398,546)  (391,584)  (384,621)  (384,662)  (439,593)
The Twins  (428,716)  (448,766)  (510,694)  (516,743)  (472,726)
StormsEndPort  (757,1288)  (758,1326)  (718,1288)  (719,1325)  (720,1306)
Riverrun  (439,840)  (411,870)  (377,885)  (374,853)  (337,875)
Harrenhal  (442,917)  (451,955)  (520,921)  (512,996)  (515,959)
Redwyne Straights  (42,1450)  (84,1453)  (131,1581)  (167,1615)  (74,1512)
The Stoney Shore  (216,315)  (135,354)  (275,364)  (244,404)  (165,419)
PykePort  (189,709)  (189,744)  (228,762)  (233,694)  (228,731)
Bay of Ice  (11,238)  (58,237)  (109,239)  (59,180)  (25,359)
The Fingers  (566,687)  (568,728)  (668,667)  (663,709)  (615,689)
Greywater Watch  (278,569)  (273,606)  (350,551)  (334,621)  (316,584)
Dragonstone  (843,959)  (895,957)  (837,1038)  (901,1039)  (867,999)
Kingswood  (593,1223)  (591,1264)  (711,1155)  (695,1196)  (659,1196)
The Boneway  (469,1386)  (510,1372)  (548,1344)  (589,1335)  (465,1454)
White Harbor  (603,298)  (646,324)  (525,378)  (572,381)  (567,479)
Lannisport  (244,897)  (287,900)  (220,982)  (247,1032)  (234,942)
The Mountains of the Moon  (506,802)  (526,852)  (642,780)  (699,769)  (573,811)
OldTownPort  (92,1377)  (90,1415)  (138,1380)  (138,1419)  (113,1406)
LannisPortPort  (144,944)  (181,945)  (143,984)  (183,982)  (163,990)
Prince's Pass  (336,1430)  (375,1410)  (417,1396)  (371,1499)  (382,1461)
Storms End  (655,1278)  (635,1333)  (712,1371)  (753,1365)  (674,1362)
West Summer Sea  (11,1230)  (70,1229)  (7,1296)  (72,1293)  (7,1359)
East Summer Sea  (831,1627)  (834,1677)  (778,1678)  (890,1676)  (660,1661)
Highgarden  (172,1240)  (206,1239)  (245,1250)  (272,1320)  (240,1291)
The Eyrie  (659,831)  (660,868)  (728,840)  (796,824)  (704,876)
Yronwood  (440,1506)  (441,1539)  (511,1522)  (563,1522)  (477,1519)
Salt Shore  (504,1582)  (539,1601)  (627,1585)  (663,1588)  (587,1576)
Seagard  (320,678)  (342,710)  (378,774)  (414,795)  (346,746)
Dornish Marches  (333,1341)  (372,1337)  (412,1337)  (451,1342)  (341,1377)
Window's Watch  (658,367)  (622,401)  (660,404)  (696,404)  (635,443)
Ironman's Bay  (50,832)  (47,870)  (47,914)  (87,870)  (265,808)
Pyke  (70,722)  (71,763)  (147,727)  (150,791)  (115,756)
The Golden Sound  (66,988)  (102,990)  (57,1027)  (96,1026)  (57,1078)
WinterFellPort  (235,170)  (244,177)  (255,184)  (265,191)  (233,197)